177643821
429508756
429826524
401587716
427647967
345308255
429475483
429159984
429381389
428784810
428638762
429207665
429342483
429405461
419398899
428408851
426397239
428866965
428874240
428230309
363448109
428816102
428552049
199444803
428669829
428439788
427892712
428560231
427646463
424401212
413177670
427640139
427179067
423842790
428009043
197095906
427704783
272208301
425357230
426899353
427581294
424461239
424586164
427406058
424563621
425334042
406697680
415865039
417876302
427100346
